vesselCount = 0
UT = 3268.9057720932028
gameMode = CAREER
gameNull = False
gameCompatible = True
funds = 83022.715301781311
science = 16
reputationPercent = 5
ongoingContracts = 1
missionCurrentScore = 0
missionIsStarted = False
missionIsEnded = False
missionHistoryId = 00000000-0000-0000-0000-000000000000
saveMD5 = 88ae37d622569e1ce5a29fa412c2c9f5
