vesselCount = 5
UT = 2684236.5488837529
gameMode = CAREER
gameNull = False
gameCompatible = True
funds = 505010.57831927988
science = 57
reputationPercent = 39
ongoingContracts = 3
missionCurrentScore = 0
missionIsStarted = False
missionIsEnded = False
missionHistoryId = 00000000-0000-0000-0000-000000000000
saveMD5 = 14a394ced21077cf1f7d96dfafc10f0c
