vesselCount = 5
UT = 2684237.9488837542
gameMode = CAREER
gameNull = False
gameCompatible = True
funds = 505010.57831927988
science = 57
reputationPercent = 39
ongoingContracts = 3
missionCurrentScore = 0
missionIsStarted = False
missionIsEnded = False
missionHistoryId = 00000000-0000-0000-0000-000000000000
saveMD5 = 896871963ca4a59a2eb8414ef8328b73
