vesselCount = 6
UT = 2683693.6098012226
gameMode = CAREER
gameNull = False
gameCompatible = True
funds = 391823.50357743958
science = 43
reputationPercent = 37
ongoingContracts = 3
missionCurrentScore = 0
missionIsStarted = False
missionIsEnded = False
missionHistoryId = 00000000-0000-0000-0000-000000000000
saveMD5 = 2080a2b20604ca253fd6a76245c8c1aa
