vesselCount = 2
UT = 382510.86679898395
gameMode = CAREER
gameNull = False
gameCompatible = True
funds = 209821.89152003353
science = 118
reputationPercent = 33
ongoingContracts = 6
missionCurrentScore = 0
missionIsStarted = False
missionIsEnded = False
missionHistoryId = 00000000-0000-0000-0000-000000000000
saveMD5 = 30414b704069beadda3b1e7ec0f6adee
